    unsorted:	 38.50694753
      sorted:	 38.50694753
