    unsorted:	 16.75605847 16.77646205 16.69701510 16.81893089 16.62682617 16.86495437 16.54830131 16.47764104 16.45254171 16.31543136 16.27620559 16.22090429 16.19426922 16.17479939 17.21470274 17.79791689 18.38794428 19.42909394 4.233980119e-007 1.293811572e-005 0.01692035014 25.59785177 36.74831915 39.80105241 44.44242966 47.72601567 52.74536453 54.13360950 57.46057217 65.69945840 69.87973214 78.69667988 81.79120339 127.3709959 131.4387013 157.8158794 186.1884715 244.7926796 289.8122840 313.7816625 645.4846881 892.8135713 1189.415573 49083.81627 49063.05781 49113.66981 49045.19531 49148.37815 49208.36187 48997.74898 49272.30036 48957.18241 49317.26725 49343.21881 49406.28915 49437.69777 49475.90302 48882.81879 48864.53325 48830.65470 49529.53396 49552.01336 49673.50655 49653.52211 49712.38122 49734.56851 49768.67159 48734.18902 48717.51389 48645.62692 49851.10114 48586.50480 49931.92647 49988.80374 48486.40271 50057.81664 48314.81211 48266.78883 48177.36336 50198.46620 48028.62329 47964.97184 47842.65144 47795.11666 50481.19324 50529.26518 50561.63277 50630.88103 47645.87539 47487.79147 50833.95688 47383.93034 50983.86462 47090.67692 51200.16015 46829.13514 51384.96653 46633.81550 51760.72944 46339.66079 46234.69146 52145.99619 52171.10213 45792.73657 52937.64728 53620.86311 53844.24207 54155.03580 1356.819955 1589.756878 1768.333694 2039.971578 2103.906856 2368.755699 2540.584165 41671.72233 3110.084290 3359.230501 41269.46430 3811.074147 55468.47641 4112.634502 4451.007887 4780.108729 5366.752127 5564.786410 5950.571167 39120.13430 7372.971145 37199.19832 36691.22627 8265.345427 8978.259632 9084.829826 9474.734496 57439.50350 34465.49568 33315.87009 12258.24013 12555.29672 13485.80436 14996.80623 15474.79782 29718.52892 17487.81405 19301.20894 27614.89586 23697.64606 23252.60223 59248.78699 67026.54991 67594.45073 75326.85190 82559.92582 98624.78219 114467.1378 130636.1434 147905.8313 193990.7480 360446.3366 449901.5362 1478825.816 6378486.279
      sorted:	 4.233980119e-007 1.293811572e-005 0.01692035014 16.17479939 16.19426922 16.22090429 16.27620559 16.31543136 16.45254171 16.47764104 16.54830131 16.62682617 16.69701510 16.75605847 16.77646205 16.81893089 16.86495437 17.21470274 17.79791689 18.38794428 19.42909394 25.59785177 36.74831915 39.80105241 44.44242966 47.72601567 52.74536453 54.13360950 57.46057217 65.69945840 69.87973214 78.69667988 81.79120339 127.3709959 131.4387013 157.8158794 186.1884715 244.7926796 289.8122840 313.7816625 645.4846881 892.8135713 1189.415573 1356.819955 1589.756878 1768.333694 2039.971578 2103.906856 2368.755699 2540.584165 3110.084290 3359.230501 3811.074147 4112.634502 4451.007887 4780.108729 5366.752127 5564.786410 5950.571167 7372.971145 8265.345427 8978.259632 9084.829826 9474.734496 12258.24013 12555.29672 13485.80436 14996.80623 15474.79782 17487.81405 19301.20894 23252.60223 23697.64606 27614.89586 29718.52892 33315.87009 34465.49568 36691.22627 37199.19832 39120.13430 41269.46430 41671.72233 45792.73657 46234.69146 46339.66079 46633.81550 46829.13514 47090.67692 47383.93034 47487.79147 47645.87539 47795.11666 47842.65144 47964.97184 48028.62329 48177.36336 48266.78883 48314.81211 48486.40271 48586.50480 48645.62692 48717.51389 48734.18902 48830.65470 48864.53325 48882.81879 48957.18241 48997.74898 49045.19531 49063.05781 49083.81627 49113.66981 49148.37815 49208.36187 49272.30036 49317.26725 49343.21881 49406.28915 49437.69777 49475.90302 49529.53396 49552.01336 49653.52211 49673.50655 49712.38122 49734.56851 49768.67159 49851.10114 49931.92647 49988.80374 50057.81664 50198.46620 50481.19324 50529.26518 50561.63277 50630.88103 50833.95688 50983.86462 51200.16015 51384.96653 51760.72944 52145.99619 52171.10213 52937.64728 53620.86311 53844.24207 54155.03580 55468.47641 57439.50350 59248.78699 67026.54991 67594.45073 75326.85190 82559.92582 98624.78219 114467.1378 130636.1434 147905.8313 193990.7480 360446.3366 449901.5362 1478825.816 6378486.279
